231 113 559 614 904 69 123 106 63 863 787 876 271 340 574 512 309 825 219 431 201
990 547 896 199 885 680 99 882 933 854 905 293 186 290 573 437 952 934 107 911 263
571 407 147 380 1 298 790 265 716 852 716 833 178 644 962 167 216 732 330 323 402
133 503 339 146 437 518 682 236 495 279 534 499 548 292 594 653 687 374 181 854 647
180 102 359 911 173 287 800 292 838 384 586 579 262 238 358 414 552 881 950 895 724
634 951 855 652 984 608 800 833 921 389 822 920 212 302 851 473 589 702 19 784 832
116 863 65 864 935 828 347 587 405 197 504 941 928 980 331 672 629 79 86 624 455 998
594 199 875 122 798 88 787 187 62 533 670 227 595 832 613 53 496 707 634 194 413 461
40 214 582 292 876 560 862 188 706 509 613 274 420 775 701 753 538 617 492 446 191
955 43 350 659 181 431 381 510 242 50 143 130 321 457 894 995 293 951 457 623 314
880 73 982 612 743 645 380 681 231 813 476 714 393 571 198 943 744 403 666 952 170
701 633 889 346 629 747 12 124 952 358 856 237 738 341 106 692 337 123 556 345 997
964 652 84 433 288 659 359 433 460 675 281 827 637 525 8 404 720 24 920 619 698 58
174 191 745 932 414 665 755 799 697 733 724 268 48 910 129 735 24 896 601 857 390
884 557 710 658 315 550 78 437 255 597 854 477 969 507 642 61 588 576 114 957 854
870 967 49 899 357 833 923 201 579 671 726 241 303 25 6 448 821 274 384 533 555 617
699 557 160 83 800 335 164 180 905 510 149 295 711 991 731 804 501 865 849 955 88
904 852 64 980 68 996 666 57 587 181 113 646 507 581 850 894 767 776 996 713 447 950
190 557 72 822 367 185 853 847 583 879 824 938 583 56 942 486 164 894 528 613 688
876 640 465 144 812 248 934 736 734 683 470 467 765 408 1000 758 680 406 435 625 29
467 699 675 672 982 303 313 431 495 935 913 998 482 103 610 963 650 787 985 804 331
130 397 194 562 644 717 631 891 558 510 815 44 621 87 733 198 855 891 507 741 549
128 21 873 949 525 415 968 549 609 509 343 898 741 609 27 514 647 462 316 805 125
645 961 724 22 270 404 41 680 983 406 47 123 854 230 389 43 365 617 704 508 451 327
892 972 752 363 479 703 487 983 170 214 475 623 629 503 933 501 749 847 693 152 130
948 844 845 827 77 419 524 291 348 772 205 852 981 758 663 909 491 79 127 791 901
371 471 667 604 367 765 578 794 401 986 941 319 200 661 459 707 610 8 964 422 851
483 34 818 283 811 119 860 527 449 760 755 440 564 162 465 560 582 92 804 71 280 79
947 411 350 484 939 375 179 539 410 923 936 335 668 985 353 377 244 101 531 846 895
759 190 972 74 247 448 826 747 354 807 982 634 301 148 812 550 62 544 959 626 600
678 855 41 342 452 114 525 41 464 726 226 613 262 388 992 195 242 815 79 886 534 248
950 344 24 184 312 443 222 850 757 616 253 896 205 734 142 267 313 585 633 251 5 177
653 47 888 475 696 98 763 936 102 463 9 411 292 606 982 860 583 722 655 515 201 559
75 68 771 806 227 498 34 525 67 853 286 355 270 169 915 900 568 210 981 692 390 872
274 596 706 455 329 868 364 615 388 684 166 125 507 622 206 7 281 97 322 677 60 743
525 34 668 500 542 836 899 344 695 534 594 969 249 630 931 389 313 979 844 734 540
53 822 305 609 218 399 55 228 63 2 125 925 254 488 590 22 996 723 126 476 562 4 203
277 315 294 328 306 685 498 765 661 71 378 45 337 913 608 885 731 810 392 663 842
951 444 160 797 919 691 868 637 569 127 547 285 736 955 841 545 31 242 727 469 223
855 211 332 350 864 307 481 722 8 801 572 275 228 345 682 314 651 969 746 231 813
725 301 128 136 615 288 957 648 860 34 983 649 572 222 608 142 781 515 6 634 972 747
343 873 539 872 178 517 770 450 795 847 193 345 45 395 190 683 619 760 835 576 183
608 657 907 220 208 433 650 664 276 168 857 262 240 585 370 621 607 512 289 900 308
40 122 656 775 73 773 629 452 263 739 940 566 576 81 272 276 768 225 292 955 204 80
46 15 655 830 472 943 644 342 638 446 249 613 855 259 419 237 102 214 147 563 546
877 542 227 589 370 490 65 307 805 729 840 213 611 38 706 101 303 291 783 602 181
186 457 143 865 663 654 912 720 756 666 454 521 473 854 788 606 694 815
